17
LngfishAu  0.0000000 0.4568278 0.4417357 0.4935064 0.6768886 0.8469507 0.8085111 0.8268087 0.8227372 0.7285724 0.6620605 0.7320111 0.7104900 0.7456159 0.7682234 0.7673895 0.7148311 
LngfishSA  0.4568278 0.0000000 0.3488539 0.6298809 0.7717260 0.8527321 0.8380099 0.8045127 0.7325911 0.7982173 0.7341623 0.8015080 0.7745581 0.7548490 0.8479434 0.7802285 0.6462688 
LngfishAf  0.4417357 0.3488539 0.0000000 0.6183943 0.7354274 0.9019107 0.9615706 0.9102304 0.8271162 0.8724092 0.7873666 0.8265424 0.7921576 0.8097524 0.9014098 0.8209755 0.7176404 
Frog       0.4935064 0.6298809 0.6183943 0.0000000 0.6554497 0.8580518 0.8091106 0.8560414 0.7933308 0.7504592 0.6930384 0.7069460 0.7127934 0.7347884 0.7484447 0.7299669 0.6745647 
Turtle     0.6768886 0.7717260 0.7354274 0.6554497 0.0000000 0.5654946 0.6103671 0.5635737 0.5049453 0.6126323 0.5620692 0.5699042 0.5861958 0.5884137 0.6367081 0.6215574 0.6038793 
Sphenodon  0.8469507 0.8527321 0.9019107 0.8580518 0.5654946 0.0000000 0.7035596 0.6544537 0.6164416 0.7275262 0.7111368 0.6876724 0.7093124 0.7158340 0.7846298 0.7598985 0.6823739 
Lizard     0.8085111 0.8380099 0.9615706 0.8091106 0.6103671 0.7035596 0.0000000 0.7518534 0.6779108 0.7734963 0.7373573 0.7864648 0.8052101 0.7179663 0.8325342 0.7840634 0.7028459 
Crocodile  0.8268087 0.8045127 0.9102304 0.8560414 0.5635737 0.6544537 0.7518534 0.0000000 0.5108399 0.7812810 0.7874265 0.7866767 0.8488083 0.8784300 0.8872172 0.7907694 0.8190213 
Bird       0.8227372 0.7325911 0.8271162 0.7933308 0.5049453 0.6164416 0.6779108 0.5108399 0.0000000 0.7072522 0.7003270 0.7185502 0.7231991 0.7945797 0.7873681 0.7170914 0.7023453 
Human      0.7285724 0.7982173 0.8724092 0.7504592 0.6126323 0.7275262 0.7734963 0.7812810 0.7072522 0.0000000 0.2832169 0.2903629 0.3054494 0.3717743 0.3897987 0.4651418 0.4382989 
Seal       0.6620605 0.7341623 0.7873666 0.6930384 0.5620692 0.7111368 0.7373573 0.7874265 0.7003270 0.2832169 0.0000000 0.1978022 0.2171550 0.2911656 0.3295676 0.3930032 0.3625849 
Cow        0.7320111 0.8015080 0.8265424 0.7069460 0.5699042 0.6876724 0.7864648 0.7866767 0.7185502 0.2903629 0.1978022 0.0000000 0.1790456 0.3312632 0.3443262 0.4169819 0.3577200 
Whale      0.7104900 0.7745581 0.7921576 0.7127934 0.5861958 0.7093124 0.8052101 0.8488083 0.7231991 0.3054494 0.2171550 0.1790456 0.0000000 0.3366169 0.3689342 0.4076106 0.3731330 
Mouse      0.7456159 0.7548490 0.8097524 0.7347884 0.5884137 0.7158340 0.7179663 0.8784300 0.7945797 0.3717743 0.2911656 0.3312632 0.3366169 0.0000000 0.1474185 0.4256646 0.3617307 
Rat        0.7682234 0.8479434 0.9014098 0.7484447 0.6367081 0.7846298 0.8325342 0.8872172 0.7873681 0.3897987 0.3295676 0.3443262 0.3689342 0.1474185 0.0000000 0.4597462 0.4209893 
Platypus   0.7673895 0.7802285 0.8209755 0.7299669 0.6215574 0.7598985 0.7840634 0.7907694 0.7170914 0.4651418 0.3930032 0.4169819 0.4076106 0.4256646 0.4597462 0.0000000 0.3308885 
Opossum    0.7148311 0.6462688 0.7176404 0.6745647 0.6038793 0.6823739 0.7028459 0.8190213 0.7023453 0.4382989 0.3625849 0.3577200 0.3731330 0.3617307 0.4209893 0.3308885 0.0000000 
